1749154521066 1.77786 0
1749154523547 1.42462 1
1749154525498 1.31645 2
1749154527460 1.28141 3
1749154530060 1.22851 4
1749154533039 1.21744 5
1749154536006 1.18304 6
1749154538731 1.18527 7
1749154541314 1.13399 8
1749154543160 1.06291 9
1749154546266 1.10158 10
1749154549158 1.07501 11
1749154551970 1.04817 12
1749154554784 1.02718 13
1749154557697 0.94987 14
1749154560223 0.99613 15
1749154563645 0.95523 16
1749154566409 0.91428 17
1749154569040 0.98478 18
1749154571434 0.9183 19
1749154573376 0.92062 20
1749154575541 0.88994 21
1749154578098 0.87938 22
1749154580926 0.87078 23
1749154583912 0.85638 24
1749154586261 0.8525 25
1749154588400 0.88258 26
1749154590703 0.83915 27
1749154593364 0.79157 28
1749154596087 0.80577 29
1749154599093 0.76133 30
1749154601280 0.79343 31
1749154603134 0.74412 32
1749154605016 0.77853 33
1749154608373 0.75724 34
1749154611183 0.74362 35
1749154613918 0.71515 36
1749154616051 0.69915 37
1749154617967 0.68468 38
1749154620147 0.67026 39
1749154624637 0.61438 40
1749154627317 0.58679 41
1749154629967 0.56111 42
1749154631953 0.53609 43
1749154633965 0.53011 44
1749154636272 0.51334 45
1749154639244 0.52825 46
1749154642149 0.50765 47
1749154644046 0.50437 48
1749154645932 0.49677 49
