1749154521066 3.51198 0
1749154523547 2.03565 1
1749154525498 1.60112 2
1749154527460 1.43496 3
1749154530060 1.34426 4
1749154533039 1.29087 5
1749154536006 1.1949 6
1749154538731 1.21437 7
1749154541314 1.12741 8
1749154543160 1.01916 9
1749154546266 1.01434 10
1749154549158 0.99553 11
1749154551970 0.95892 12
1749154554784 0.93903 13
1749154557697 0.88385 14
1749154560223 0.85535 15
1749154563645 0.81553 16
1749154566409 0.79251 17
1749154569040 0.82152 18
1749154571434 0.77853 19
1749154573376 0.76581 20
1749154575541 0.7554 21
1749154578098 0.71463 22
1749154580926 0.70046 23
1749154583912 0.68548 24
1749154586261 0.71256 25
1749154588400 0.67433 26
1749154590703 0.66258 27
1749154593364 0.59943 28
1749154596087 0.60621 29
1749154599093 0.58085 30
1749154601280 0.58073 31
1749154603134 0.57289 32
1749154605016 0.58405 33
1749154608373 0.5729 34
1749154611183 0.54759 35
1749154613918 0.55118 36
1749154616051 0.53443 37
1749154617967 0.5316 38
1749154620147 0.50682 39
1749154624637 0.54491 40
1749154627317 0.51124 41
1749154629967 0.46778 42
1749154631953 0.46237 43
1749154633965 0.44686 44
1749154636272 0.42931 45
1749154639244 0.43387 46
1749154642149 0.4269 47
1749154644046 0.41785 48
1749154645932 0.42239 49
