1749154521066 1.73109 0
1749154523547 1.37437 1
1749154525498 1.26352 2
1749154527460 1.23089 3
1749154530060 1.22245 4
1749154533039 1.24247 5
1749154536006 1.21473 6
1749154538731 1.21399 7
1749154541314 1.18263 8
1749154543160 1.14069 9
1749154546266 1.16347 10
1749154549158 1.15234 11
1749154551970 1.13578 12
1749154554784 1.11451 13
1749154557697 1.07481 14
1749154560223 1.10858 15
1749154563645 1.10582 16
1749154566409 1.08304 17
1749154569040 1.10458 18
1749154571434 1.06044 19
1749154573376 1.06963 20
1749154575541 1.05009 21
1749154578098 1.05905 22
1749154580926 1.05825 23
1749154583912 1.05439 24
1749154586261 1.06268 25
1749154588400 1.06822 26
1749154590703 1.04251 27
1749154593364 1.02095 28
1749154596087 1.03281 29
1749154599093 0.98903 30
1749154601280 1.02632 31
1749154603134 1.0034 32
1749154605016 1.00379 33
1749154608373 1.01088 34
1749154611183 0.99577 35
1749154613918 0.99967 36
1749154616051 0.98014 37
1749154617967 0.96868 38
1749154620147 0.97411 39
1749154624637 0.91244 40
1749154627317 0.91324 41
1749154629967 0.89085 42
1749154631953 0.88037 43
1749154633965 0.88336 44
1749154636272 0.88637 45
1749154639244 0.88668 46
1749154642149 0.87501 47
1749154644046 0.85888 48
1749154645932 0.87545 49
