1749152810504 1.77786 0
1749152814231 1.42462 1
1749152816721 1.31645 2
1749152818661 1.28141 3
1749152820723 1.22851 4
1749152822774 1.21744 5
1749152824696 1.18304 6
1749152827350 1.18527 7
1749152830151 1.13399 8
1749152832524 1.06291 9
1749152834590 1.10158 10
1749152836666 1.07501 11
1749152838520 1.04817 12
1749152841072 1.02718 13
1749152843376 0.94987 14
1749152846476 0.99613 15
1749152849567 0.95523 16
1749152851593 0.91428 17
1749152853621 0.98478 18
1749152855976 0.9183 19
1749152858747 0.92062 20
1749152861034 0.88994 21
1749152862969 0.87938 22
1749152864866 0.87078 23
1749152866726 0.85638 24
1749152868668 0.8525 25
1749152871236 0.88258 26
1749152873906 0.83915 27
1749152876870 0.79157 28
1749152878825 0.80577 29
1749152880672 0.76133 30
1749152882573 0.79343 31
1749152884595 0.74412 32
1749152887641 0.77853 33
1749152890371 0.75724 34
1749152893255 0.74362 35
1749152895169 0.71515 36
1749152897060 0.69915 37
1749152898914 0.68468 38
1749152901583 0.67026 39
1749152906057 0.61438 40
1749152908855 0.58679 41
1749152910744 0.56111 42
1749152912577 0.53609 43
1749152914417 0.53011 44
1749152917257 0.51334 45
1749152920302 0.52825 46
1749152923040 0.50765 47
1749152924928 0.50437 48
1749152926954 0.49677 49
