1749152810504 3.51198 0
1749152814231 2.03565 1
1749152816721 1.60112 2
1749152818661 1.43496 3
1749152820723 1.34426 4
1749152822774 1.29087 5
1749152824696 1.1949 6
1749152827350 1.21437 7
1749152830151 1.12741 8
1749152832524 1.01916 9
1749152834590 1.01434 10
1749152836666 0.99553 11
1749152838520 0.95892 12
1749152841072 0.93903 13
1749152843376 0.88385 14
1749152846476 0.85535 15
1749152849567 0.81553 16
1749152851593 0.79251 17
1749152853621 0.82152 18
1749152855976 0.77853 19
1749152858747 0.76581 20
1749152861034 0.7554 21
1749152862969 0.71463 22
1749152864866 0.70046 23
1749152866726 0.68548 24
1749152868668 0.71256 25
1749152871236 0.67433 26
1749152873906 0.66258 27
1749152876870 0.59943 28
1749152878825 0.60621 29
1749152880672 0.58085 30
1749152882573 0.58073 31
1749152884595 0.57289 32
1749152887641 0.58405 33
1749152890371 0.5729 34
1749152893255 0.54759 35
1749152895169 0.55118 36
1749152897060 0.53443 37
1749152898914 0.5316 38
1749152901583 0.50682 39
1749152906057 0.54491 40
1749152908855 0.51124 41
1749152910744 0.46778 42
1749152912577 0.46237 43
1749152914417 0.44686 44
1749152917257 0.42931 45
1749152920302 0.43387 46
1749152923040 0.4269 47
1749152924928 0.41785 48
1749152926954 0.42239 49
