1749152810504 1.73109 0
1749152814231 1.37437 1
1749152816721 1.26352 2
1749152818661 1.23089 3
1749152820723 1.22245 4
1749152822774 1.24247 5
1749152824696 1.21473 6
1749152827350 1.21399 7
1749152830151 1.18263 8
1749152832524 1.14069 9
1749152834590 1.16347 10
1749152836666 1.15234 11
1749152838520 1.13578 12
1749152841072 1.11451 13
1749152843376 1.07481 14
1749152846476 1.10858 15
1749152849567 1.10582 16
1749152851593 1.08304 17
1749152853621 1.10458 18
1749152855976 1.06044 19
1749152858747 1.06963 20
1749152861034 1.05009 21
1749152862969 1.05905 22
1749152864866 1.05825 23
1749152866726 1.05439 24
1749152868668 1.06268 25
1749152871236 1.06822 26
1749152873906 1.04251 27
1749152876870 1.02095 28
1749152878825 1.03281 29
1749152880672 0.98903 30
1749152882573 1.02632 31
1749152884595 1.0034 32
1749152887641 1.00379 33
1749152890371 1.01088 34
1749152893255 0.99577 35
1749152895169 0.99967 36
1749152897060 0.98014 37
1749152898914 0.96868 38
1749152901583 0.97411 39
1749152906057 0.91244 40
1749152908855 0.91324 41
1749152910744 0.89085 42
1749152912577 0.88037 43
1749152914417 0.88336 44
1749152917257 0.88637 45
1749152920302 0.88668 46
1749152923040 0.87501 47
1749152924928 0.85888 48
1749152926954 0.87545 49
