1749152810504 0.00021434999999999998 0
1749152814231 0.000434218798 1
1749152816721 0.000645033452 2
1749152818661 0.0008467939619999999 3
1749152820723 0.001039500328 4
1749152822774 0.0012231525499999999 5
1749152824696 0.0012592348 6
1749152827350 0.0012309405999999998 7
1749152830151 0.0012026464 8
1749152832524 0.0011743522 9
1749152834590 0.001146058 10
1749152836666 0.0011177638 11
1749152838520 0.0010894695999999998 12
1749152841072 0.0010611754 13
1749152843376 0.0010328811999999999 14
1749152846476 0.001004587 15
1749152849567 0.0009762927999999999 16
1749152851593 0.0009479985999999998 17
1749152853621 0.0009197044000000001 18
1749152855976 0.0008914102 19
1749152858747 0.0008631159999999999 20
1749152861034 0.0008348218000000001 21
1749152862969 0.0008065276 22
1749152864866 0.0007782334000000001 23
1749152866726 0.0007499392 24
1749152868668 0.0007216449999999999 25
1749152871236 0.0006933508 26
1749152873906 0.0006650565999999999 27
1749152876870 0.0006367623999999998 28
1749152878825 0.0006084682000000001 29
1749152880672 0.000580174 30
1749152882573 0.0005518798 31
1749152884595 0.0005235856 32
1749152887641 0.0004952913999999999 33
1749152890371 0.00046699719999999993 34
1749152893255 0.00043870300000000003 35
1749152895169 0.0004104088 36
1749152897060 0.0003821146 37
1749152898914 0.00035382039999999994 38
1749152901583 0.00032552619999999993 39
1749152906057 0.0002972319999999999 40
1749152908855 0.0002689378000000001 41
1749152910744 0.00024064360000000006 42
1749152912577 0.0002123494 43
1749152914417 0.00018405519999999999 44
1749152917257 0.00015576099999999995 45
1749152920302 0.00012746679999999994 46
1749152923040 9.917260000000006e-05 47
1749152924928 7.087840000000005e-05 48
1749152926954 4.2584200000000025e-05 49
