1749152812342 0.25904 0
1749152814709 0.48826 1
1749152817117 0.51563 2
1749152819097 0.7183 3
1749152821171 0.70603 4
1749152823162 0.68838 5
1749152825213 0.78861 6
1749152827909 0.76855 7
1749152830530 0.74038 8
1749152833086 0.69135 9
1749152834984 0.79204 10
1749152837031 0.76419 11
1749152838960 0.67992 12
1749152841509 0.76208 13
1749152843877 0.78763 14
1749152846984 0.74615 15
1749152850036 0.70087 16
1749152852054 0.92864 17
1749152853995 0.9203 18
1749152856409 0.92864 19
1749152859154 0.92865 20
1749152861414 0.9287 21
1749152863368 0.87333 22
1749152865242 0.87327 23
1749152867080 0.87327 24
1749152869043 0.9288 25
1749152871655 0.92896 26
1749152874432 0.92908 27
1749152877289 0.82908 28
1749152879193 0.84557 29
1749152881041 0.8455 30
1749152882947 0.8733 31
1749152885000 0.87365 32
1749152888050 0.87427 33
1749152891063 0.93035 34
1749152893629 0.93081 35
1749152895540 0.87578 36
1749152897427 0.83121 37
1749152899348 0.87537 38
1749152902305 0.83059 39
1749152906664 0.82979 40
1749152909205 0.84635 41
1749152911107 0.87403 42
1749152912947 0.92996 43
1749152914791 0.93045 44
1749152917654 0.93081 45
1749152920890 0.93028 46
1749152923446 0.93046 47
1749152925306 0.93054 48
1749152927353 0.93121 49
1749152930790 0.9286377374133253 49
