1749152812342 0.17138 0
1749152814709 0.35067 1
1749152817117 0.38821 2
1749152819097 0.40368 3
1749152821171 0.4653 4
1749152823162 0.50254 5
1749152825213 0.57284 6
1749152827909 0.56112 7
1749152830530 0.54304 8
1749152833086 0.54464 9
1749152834984 0.59398 10
1749152837031 0.58282 11
1749152838960 0.53904 12
1749152841509 0.54817 13
1749152843877 0.57526 14
1749152846984 0.60891 15
1749152850036 0.54338 16
1749152852054 0.81977 17
1749152853995 0.6652 18
1749152856409 0.82049 19
1749152859154 0.71993 20
1749152861414 0.67143 21
1749152863368 0.5776 22
1749152865242 0.60034 23
1749152867080 0.63353 24
1749152869043 0.66163 25
1749152871655 0.65096 26
1749152874432 0.68232 27
1749152877289 0.63558 28
1749152879193 0.6584 29
1749152881041 0.58792 30
1749152882947 0.62211 31
1749152885000 0.61184 32
1749152888050 0.6883 33
1749152891063 0.79952 34
1749152893629 0.79971 35
1749152895540 0.7636 36
1749152897427 0.70804 37
1749152899348 0.76019 38
1749152902305 0.72154 39
1749152906664 0.72062 40
1749152909205 0.73394 41
1749152911107 0.7012 42
1749152912947 0.7066 43
1749152914791 0.67217 44
1749152917654 0.69623 45
1749152920890 0.67431 46
1749152923446 0.6731 47
1749152925306 0.68337 48
1749152927353 0.67998 49
1749152930790 0.8192277112015541 49
