1749152812342 0.00643 0
1749152814709 0.00658 1
1749152817117 1.0 2
1749152819097 0.89499 3
1749152821171 0.93928 4
1749152823162 0.96472 5
1749152825213 0.89955 6
1749152827909 0.68047 7
1749152830530 0.86734 8
1749152833086 0.72552 9
1749152834984 0.64719 10
1749152837031 0.70163 11
1749152838960 0.66457 12
1749152841509 0.93081 13
1749152843877 0.78698 14
1749152846984 0.60831 15
1749152850036 0.94606 16
1749152852054 0.93767 17
1749152853995 0.97785 18
1749152856409 0.97917 19
1749152859154 0.96348 20
1749152861414 0.94195 21
1749152863368 0.85074 22
1749152865242 0.82737 23
1749152867080 0.8492 24
1749152869043 0.96724 25
1749152871655 0.99272 26
1749152874432 0.94682 27
1749152877289 0.90451 28
1749152879193 0.79851 29
1749152881041 0.94823 30
1749152882947 0.96797 31
1749152885000 0.98496 32
1749152888050 0.80446 33
1749152891063 0.95333 34
1749152893629 0.9552 35
1749152895540 0.80346 36
1749152897427 0.89535 37
1749152899348 0.80164 38
1749152902305 0.90993 39
1749152906664 0.91124 40
1749152909205 0.91847 41
1749152911107 0.8335 42
1749152912947 0.97494 43
1749152914791 0.984 44
1749152917654 0.98094 45
1749152920890 0.97845 46
1749152923446 0.97183 47
1749152925306 0.96977 48
1749152927353 0.97501 49
1749152930790 0.9791616185345798 49
