1749152812342 0.93333 0
1749152814709 0.93333 1
1749152817117 0.32178 2
1749152819097 0.38095 3
1749152821171 0.46525 4
1749152823162 0.41892 5
1749152825213 0.50675 6
1749152827909 0.84075 7
1749152830530 0.59934 8
1749152833086 0.65551 9
1749152834984 0.93333 10
1749152837031 0.82167 11
1749152838960 0.8276 12
1749152841509 0.76667 13
1749152843877 0.76667 14
1749152846984 0.62564 15
1749152850036 0.59544 16
1749152852054 0.93333 17
1749152853995 0.89727 18
1749152856409 0.90482 19
1749152859154 0.92374 20
1749152861414 0.92743 21
1749152863368 0.93333 22
1749152865242 0.93333 23
1749152867080 0.93333 24
1749152869043 0.92298 25
1749152871655 0.93333 26
1749152874432 0.92167 27
1749152877289 0.74071 28
1749152879193 0.93333 29
1749152881041 0.76281 30
1749152882947 0.76667 31
1749152885000 0.73819 32
1749152888050 0.91651 33
1749152891063 0.92202 34
1749152893629 0.92573 35
1749152895540 0.93333 36
1749152897427 0.75877 37
1749152899348 0.90363 38
1749152902305 0.76667 39
1749152906664 0.76667 40
1749152909205 0.76667 41
1749152911107 0.9317 42
1749152912947 0.93 43
1749152914791 0.93333 44
1749152917654 0.93333 45
1749152920890 0.93333 46
1749152923446 0.93003 47
1749152925306 0.92912 48
1749152927353 0.93179 49
1749152930790 0.9047877896836231 49
