1749155917925 1.77786 0
1749155931815 1.42462 1
1749155946125 1.31645 2
1749155958512 1.28141 3
1749155970639 1.22851 4
1749155982771 1.21744 5
1749155993108 1.18304 6
1749156006777 1.18527 7
1749156019876 1.13399 8
1749156032774 1.06291 9
1749156047277 1.10158 10
1749156061185 1.07501 11
1749156075025 1.04817 12
1749156088424 1.02718 13
1749156104156 0.94987 14
1749156119007 0.99613 15
1749156134302 0.95523 16
1749156148774 0.91428 17
1749156162467 0.98478 18
1749156173383 0.9183 19
1749156188114 0.92062 20
1749156201952 0.88994 21
1749156215704 0.87938 22
1749156228993 0.87078 23
1749156243135 0.85638 24
1749156256891 0.8525 25
1749156270201 0.88258 26
1749156283608 0.83915 27
1749156297475 0.79157 28
1749156311678 0.80577 29
1749156324969 0.76133 30
1749156338251 0.79343 31
1749156352216 0.74412 32
1749156362703 0.77853 33
1749156375866 0.75724 34
1749156389325 0.74362 35
1749156399780 0.71515 36
1749156414302 0.69915 37
1749156426464 0.68468 38
1749156439780 0.67026 39
1749156453910 0.61438 40
1749156465153 0.58679 41
1749156477538 0.56111 42
1749156491715 0.53609 43
1749156504025 0.53011 44
1749156517952 0.51334 45
1749156533041 0.52825 46
1749156547826 0.50765 47
1749156557849 0.50437 48
1749156570913 0.49677 49
