1749155917925 3.51198 0
1749155931815 2.03565 1
1749155946125 1.60112 2
1749155958512 1.43496 3
1749155970639 1.34426 4
1749155982771 1.29087 5
1749155993108 1.1949 6
1749156006777 1.21437 7
1749156019876 1.12741 8
1749156032774 1.01916 9
1749156047277 1.01434 10
1749156061185 0.99553 11
1749156075025 0.95892 12
1749156088424 0.93903 13
1749156104156 0.88385 14
1749156119007 0.85535 15
1749156134302 0.81553 16
1749156148774 0.79251 17
1749156162467 0.82152 18
1749156173383 0.77853 19
1749156188114 0.76581 20
1749156201952 0.7554 21
1749156215704 0.71463 22
1749156228993 0.70046 23
1749156243135 0.68548 24
1749156256891 0.71256 25
1749156270201 0.67433 26
1749156283608 0.66258 27
1749156297475 0.59943 28
1749156311678 0.60621 29
1749156324969 0.58085 30
1749156338251 0.58073 31
1749156352216 0.57289 32
1749156362703 0.58405 33
1749156375866 0.5729 34
1749156389325 0.54759 35
1749156399780 0.55118 36
1749156414302 0.53443 37
1749156426464 0.5316 38
1749156439780 0.50682 39
1749156453910 0.54491 40
1749156465153 0.51124 41
1749156477538 0.46778 42
1749156491715 0.46237 43
1749156504025 0.44686 44
1749156517952 0.42931 45
1749156533041 0.43387 46
1749156547826 0.4269 47
1749156557849 0.41785 48
1749156570913 0.42239 49
