1749155917925 1.73109 0
1749155931815 1.37437 1
1749155946125 1.26352 2
1749155958512 1.23089 3
1749155970639 1.22245 4
1749155982771 1.24247 5
1749155993108 1.21473 6
1749156006777 1.21399 7
1749156019876 1.18263 8
1749156032774 1.14069 9
1749156047277 1.16347 10
1749156061185 1.15234 11
1749156075025 1.13578 12
1749156088424 1.11451 13
1749156104156 1.07481 14
1749156119007 1.10858 15
1749156134302 1.10582 16
1749156148774 1.08304 17
1749156162467 1.10458 18
1749156173383 1.06044 19
1749156188114 1.06963 20
1749156201952 1.05009 21
1749156215704 1.05905 22
1749156228993 1.05825 23
1749156243135 1.05439 24
1749156256891 1.06268 25
1749156270201 1.06822 26
1749156283608 1.04251 27
1749156297475 1.02095 28
1749156311678 1.03281 29
1749156324969 0.98903 30
1749156338251 1.02632 31
1749156352216 1.0034 32
1749156362703 1.00379 33
1749156375866 1.01088 34
1749156389325 0.99577 35
1749156399780 0.99967 36
1749156414302 0.98014 37
1749156426464 0.96868 38
1749156439780 0.97411 39
1749156453910 0.91244 40
1749156465153 0.91324 41
1749156477538 0.89085 42
1749156491715 0.88037 43
1749156504025 0.88336 44
1749156517952 0.88637 45
1749156533041 0.88668 46
1749156547826 0.87501 47
1749156557849 0.85888 48
1749156570913 0.87545 49
