1749155928969 0.1892 0
1749155943465 0.29426 1
1749155956277 0.33796 2
1749155968157 0.49097 3
1749155980596 0.3854 4
1749155991357 0.46762 5
1749156004079 0.51652 6
1749156017424 0.55664 7
1749156030331 0.53743 8
1749156044897 0.65328 9
1749156058648 0.66238 10
1749156072415 0.63986 11
1749156086009 0.72374 12
1749156101444 0.63717 13
1749156116367 0.70875 14
1749156131732 0.7253 15
1749156146577 0.69637 16
1749156160177 0.76477 17
1749156170781 0.70703 18
1749156185441 0.78984 19
1749156199433 0.786 20
1749156213118 0.79339 21
1749156226597 0.82213 22
1749156240414 0.82825 23
1749156254876 0.80532 24
1749156268628 0.82838 25
1749156281078 0.83537 26
1749156294716 0.82708 27
1749156309102 0.84342 28
1749156322395 0.84401 29
1749156335968 0.83436 30
1749156349819 0.84736 31
1749156361045 0.85138 32
1749156373328 0.85131 33
1749156386981 0.85978 34
1749156397195 0.87067 35
1749156411784 0.87311 36
1749156424802 0.86065 37
1749156436927 0.88989 38
1749156450608 0.89291 39
1749156462954 0.88788 40
1749156475923 0.88647 41
1749156488933 0.88983 42
1749156502045 0.89365 43
1749156515414 0.89639 44
1749156530704 0.90044 45
1749156545558 0.89569 46
1749156556331 0.90428 47
1749156568704 0.90697 48
1749156583216 0.90258 49
