1749155928969 0.31612 0
1749155943465 0.49027 1
1749155956277 0.56973 2
1749155968157 0.80081 3
1749155980596 0.66028 4
1749155991357 0.71289 5
1749156004079 0.7786 6
1749156017424 0.83576 7
1749156030331 0.77311 8
1749156044897 0.92576 9
1749156058648 0.93771 10
1749156072415 0.92278 11
1749156086009 0.96238 12
1749156101444 0.9461 13
1749156116367 0.9463 14
1749156131732 0.95566 15
1749156146577 0.93999 16
1749156160177 0.98107 17
1749156170781 0.98802 18
1749156185441 0.99277 19
1749156199433 0.98827 20
1749156213118 0.99091 21
1749156226597 0.99313 22
1749156240414 0.99487 23
1749156254876 0.99375 24
1749156268628 0.99485 25
1749156281078 0.99466 26
1749156294716 0.99428 27
1749156309102 0.9944 28
1749156322395 0.99315 29
1749156335968 0.99412 30
1749156349819 0.99479 31
1749156361045 0.99268 32
1749156373328 0.99292 33
1749156386981 0.99491 34
1749156397195 0.995 35
1749156411784 0.995 36
1749156424802 0.995 37
1749156436927 0.995 38
1749156450608 0.995 39
1749156462954 0.995 40
1749156475923 0.995 41
1749156488933 0.995 42
1749156502045 0.995 43
1749156515414 0.995 44
1749156530704 0.995 45
1749156545558 0.995 46
1749156556331 0.995 47
1749156568704 0.995 48
1749156583216 0.995 49
