1749155917925 0.00021434999999999998 0
1749155931815 0.000434218798 1
1749155946125 0.000645033452 2
1749155958512 0.0008467939619999999 3
1749155970639 0.001039500328 4
1749155982771 0.0012231525499999999 5
1749155993108 0.0012592348 6
1749156006777 0.0012309405999999998 7
1749156019876 0.0012026464 8
1749156032774 0.0011743522 9
1749156047277 0.001146058 10
1749156061185 0.0011177638 11
1749156075025 0.0010894695999999998 12
1749156088424 0.0010611754 13
1749156104156 0.0010328811999999999 14
1749156119007 0.001004587 15
1749156134302 0.0009762927999999999 16
1749156148774 0.0009479985999999998 17
1749156162467 0.0009197044000000001 18
1749156173383 0.0008914102 19
1749156188114 0.0008631159999999999 20
1749156201952 0.0008348218000000001 21
1749156215704 0.0008065276 22
1749156228993 0.0007782334000000001 23
1749156243135 0.0007499392 24
1749156256891 0.0007216449999999999 25
1749156270201 0.0006933508 26
1749156283608 0.0006650565999999999 27
1749156297475 0.0006367623999999998 28
1749156311678 0.0006084682000000001 29
1749156324969 0.000580174 30
1749156338251 0.0005518798 31
1749156352216 0.0005235856 32
1749156362703 0.0004952913999999999 33
1749156375866 0.00046699719999999993 34
1749156389325 0.00043870300000000003 35
1749156399780 0.0004104088 36
1749156414302 0.0003821146 37
1749156426464 0.00035382039999999994 38
1749156439780 0.00032552619999999993 39
1749156453910 0.0002972319999999999 40
1749156465153 0.0002689378000000001 41
1749156477538 0.00024064360000000006 42
1749156491715 0.0002123494 43
1749156504025 0.00018405519999999999 44
1749156517952 0.00015576099999999995 45
1749156533041 0.00012746679999999994 46
1749156547826 9.917260000000006e-05 47
1749156557849 7.087840000000005e-05 48
1749156570913 4.2584200000000025e-05 49
