1749154521610 0.17138 0
1749154523928 0.35067 1
1749154525887 0.38821 2
1749154527836 0.40368 3
1749154530496 0.4653 4
1749154533513 0.50254 5
1749154536635 0.57284 6
1749154539117 0.56112 7
1749154541717 0.54304 8
1749154543661 0.54464 9
1749154546737 0.59398 10
1749154549825 0.58282 11
1749154552384 0.53904 12
1749154555271 0.54817 13
1749154558103 0.57526 14
1749154560712 0.60891 15
1749154564122 0.54338 16
1749154566847 0.81977 17
1749154569484 0.6652 18
1749154571831 0.82049 19
1749154573729 0.71993 20
1749154575994 0.67143 21
1749154578583 0.5776 22
1749154581361 0.60034 23
1749154584292 0.63353 24
1749154586872 0.66163 25
1749154588811 0.65096 26
1749154591139 0.68232 27
1749154593824 0.63558 28
1749154596510 0.6584 29
1749154599470 0.58792 30
1749154601645 0.62211 31
1749154603497 0.61184 32
1749154605572 0.6883 33
1749154608849 0.79952 34
1749154611578 0.79971 35
1749154614405 0.7636 36
1749154616441 0.70804 37
1749154618555 0.76019 38
1749154620536 0.72154 39
1749154625074 0.72062 40
1749154627806 0.73394 41
1749154630334 0.7012 42
1749154632333 0.7066 43
1749154634381 0.67217 44
1749154636851 0.69623 45
1749154639935 0.67431 46
1749154642539 0.6731 47
1749154644416 0.68337 48
1749154646302 0.67998 49
1749154650013 0.8192277112015541 49
