1749154521610 0.25904 0
1749154523928 0.48826 1
1749154525887 0.51563 2
1749154527836 0.7183 3
1749154530496 0.70603 4
1749154533513 0.68838 5
1749154536635 0.78861 6
1749154539117 0.76855 7
1749154541717 0.74038 8
1749154543661 0.69135 9
1749154546737 0.79204 10
1749154549825 0.76419 11
1749154552384 0.67992 12
1749154555271 0.76208 13
1749154558103 0.78763 14
1749154560712 0.74615 15
1749154564122 0.70087 16
1749154566847 0.92864 17
1749154569484 0.9203 18
1749154571831 0.92864 19
1749154573729 0.92865 20
1749154575994 0.9287 21
1749154578583 0.87333 22
1749154581361 0.87327 23
1749154584292 0.87327 24
1749154586872 0.9288 25
1749154588811 0.92896 26
1749154591139 0.92908 27
1749154593824 0.82908 28
1749154596510 0.84557 29
1749154599470 0.8455 30
1749154601645 0.8733 31
1749154603497 0.87365 32
1749154605572 0.87427 33
1749154608849 0.93035 34
1749154611578 0.93081 35
1749154614405 0.87578 36
1749154616441 0.83121 37
1749154618555 0.87537 38
1749154620536 0.83059 39
1749154625074 0.82979 40
1749154627806 0.84635 41
1749154630334 0.87403 42
1749154632333 0.92996 43
1749154634381 0.93045 44
1749154636851 0.93081 45
1749154639935 0.93028 46
1749154642539 0.93046 47
1749154644416 0.93054 48
1749154646302 0.93121 49
1749154650013 0.9286377374133253 49
