1749154521610 0.00643 0
1749154523928 0.00658 1
1749154525887 1.0 2
1749154527836 0.89499 3
1749154530496 0.93928 4
1749154533513 0.96472 5
1749154536635 0.89955 6
1749154539117 0.68047 7
1749154541717 0.86734 8
1749154543661 0.72552 9
1749154546737 0.64719 10
1749154549825 0.70163 11
1749154552384 0.66457 12
1749154555271 0.93081 13
1749154558103 0.78698 14
1749154560712 0.60831 15
1749154564122 0.94606 16
1749154566847 0.93767 17
1749154569484 0.97785 18
1749154571831 0.97917 19
1749154573729 0.96348 20
1749154575994 0.94195 21
1749154578583 0.85074 22
1749154581361 0.82737 23
1749154584292 0.8492 24
1749154586872 0.96724 25
1749154588811 0.99272 26
1749154591139 0.94682 27
1749154593824 0.90451 28
1749154596510 0.79851 29
1749154599470 0.94823 30
1749154601645 0.96797 31
1749154603497 0.98496 32
1749154605572 0.80446 33
1749154608849 0.95333 34
1749154611578 0.9552 35
1749154614405 0.80346 36
1749154616441 0.89535 37
1749154618555 0.80164 38
1749154620536 0.90993 39
1749154625074 0.91124 40
1749154627806 0.91847 41
1749154630334 0.8335 42
1749154632333 0.97494 43
1749154634381 0.984 44
1749154636851 0.98094 45
1749154639935 0.97845 46
1749154642539 0.97183 47
1749154644416 0.96977 48
1749154646302 0.97501 49
1749154650013 0.9791616185345798 49
