1749154521610 0.93333 0
1749154523928 0.93333 1
1749154525887 0.32178 2
1749154527836 0.38095 3
1749154530496 0.46525 4
1749154533513 0.41892 5
1749154536635 0.50675 6
1749154539117 0.84075 7
1749154541717 0.59934 8
1749154543661 0.65551 9
1749154546737 0.93333 10
1749154549825 0.82167 11
1749154552384 0.8276 12
1749154555271 0.76667 13
1749154558103 0.76667 14
1749154560712 0.62564 15
1749154564122 0.59544 16
1749154566847 0.93333 17
1749154569484 0.89727 18
1749154571831 0.90482 19
1749154573729 0.92374 20
1749154575994 0.92743 21
1749154578583 0.93333 22
1749154581361 0.93333 23
1749154584292 0.93333 24
1749154586872 0.92298 25
1749154588811 0.93333 26
1749154591139 0.92167 27
1749154593824 0.74071 28
1749154596510 0.93333 29
1749154599470 0.76281 30
1749154601645 0.76667 31
1749154603497 0.73819 32
1749154605572 0.91651 33
1749154608849 0.92202 34
1749154611578 0.92573 35
1749154614405 0.93333 36
1749154616441 0.75877 37
1749154618555 0.90363 38
1749154620536 0.76667 39
1749154625074 0.76667 40
1749154627806 0.76667 41
1749154630334 0.9317 42
1749154632333 0.93 43
1749154634381 0.93333 44
1749154636851 0.93333 45
1749154639935 0.93333 46
1749154642539 0.93003 47
1749154644416 0.92912 48
1749154646302 0.93179 49
1749154650013 0.9047877896836231 49
