1749155928969 0.25904 0
1749155943465 0.48826 1
1749155956277 0.51563 2
1749155968157 0.7183 3
1749155980596 0.70603 4
1749155991357 0.68838 5
1749156004079 0.78861 6
1749156017424 0.76855 7
1749156030331 0.74038 8
1749156044897 0.69135 9
1749156058648 0.79204 10
1749156072415 0.76419 11
1749156086009 0.67992 12
1749156101444 0.76208 13
1749156116367 0.78763 14
1749156131732 0.74615 15
1749156146577 0.70087 16
1749156160177 0.92864 17
1749156170781 0.9203 18
1749156185441 0.92864 19
1749156199433 0.92865 20
1749156213118 0.9287 21
1749156226597 0.87333 22
1749156240414 0.87327 23
1749156254876 0.87327 24
1749156268628 0.9288 25
1749156281078 0.92896 26
1749156294716 0.92908 27
1749156309102 0.82908 28
1749156322395 0.84557 29
1749156335968 0.8455 30
1749156349819 0.8733 31
1749156361045 0.87365 32
1749156373328 0.87427 33
1749156386981 0.93035 34
1749156397195 0.93081 35
1749156411784 0.87578 36
1749156424802 0.83121 37
1749156436927 0.87537 38
1749156450608 0.83059 39
1749156462954 0.82979 40
1749156475923 0.84635 41
1749156488933 0.87403 42
1749156502045 0.92996 43
1749156515414 0.93045 44
1749156530704 0.93081 45
1749156545558 0.93028 46
1749156556331 0.93046 47
1749156568704 0.93054 48
1749156583216 0.93121 49
1749156587010 0.9286377374133253 49
