1749155928969 0.17138 0
1749155943465 0.35067 1
1749155956277 0.38821 2
1749155968157 0.40368 3
1749155980596 0.4653 4
1749155991357 0.50254 5
1749156004079 0.57284 6
1749156017424 0.56112 7
1749156030331 0.54304 8
1749156044897 0.54464 9
1749156058648 0.59398 10
1749156072415 0.58282 11
1749156086009 0.53904 12
1749156101444 0.54817 13
1749156116367 0.57526 14
1749156131732 0.60891 15
1749156146577 0.54338 16
1749156160177 0.81977 17
1749156170781 0.6652 18
1749156185441 0.82049 19
1749156199433 0.71993 20
1749156213118 0.67143 21
1749156226597 0.5776 22
1749156240414 0.60034 23
1749156254876 0.63353 24
1749156268628 0.66163 25
1749156281078 0.65096 26
1749156294716 0.68232 27
1749156309102 0.63558 28
1749156322395 0.6584 29
1749156335968 0.58792 30
1749156349819 0.62211 31
1749156361045 0.61184 32
1749156373328 0.6883 33
1749156386981 0.79952 34
1749156397195 0.79971 35
1749156411784 0.7636 36
1749156424802 0.70804 37
1749156436927 0.76019 38
1749156450608 0.72154 39
1749156462954 0.72062 40
1749156475923 0.73394 41
1749156488933 0.7012 42
1749156502045 0.7066 43
1749156515414 0.67217 44
1749156530704 0.69623 45
1749156545558 0.67431 46
1749156556331 0.6731 47
1749156568704 0.68337 48
1749156583216 0.67998 49
1749156587010 0.8192277112015541 49
