1749155928969 0.00643 0
1749155943465 0.00658 1
1749155956277 1.0 2
1749155968157 0.89499 3
1749155980596 0.93928 4
1749155991357 0.96472 5
1749156004079 0.89955 6
1749156017424 0.68047 7
1749156030331 0.86734 8
1749156044897 0.72552 9
1749156058648 0.64719 10
1749156072415 0.70163 11
1749156086009 0.66457 12
1749156101444 0.93081 13
1749156116367 0.78698 14
1749156131732 0.60831 15
1749156146577 0.94606 16
1749156160177 0.93767 17
1749156170781 0.97785 18
1749156185441 0.97917 19
1749156199433 0.96348 20
1749156213118 0.94195 21
1749156226597 0.85074 22
1749156240414 0.82737 23
1749156254876 0.8492 24
1749156268628 0.96724 25
1749156281078 0.99272 26
1749156294716 0.94682 27
1749156309102 0.90451 28
1749156322395 0.79851 29
1749156335968 0.94823 30
1749156349819 0.96797 31
1749156361045 0.98496 32
1749156373328 0.80446 33
1749156386981 0.95333 34
1749156397195 0.9552 35
1749156411784 0.80346 36
1749156424802 0.89535 37
1749156436927 0.80164 38
1749156450608 0.90993 39
1749156462954 0.91124 40
1749156475923 0.91847 41
1749156488933 0.8335 42
1749156502045 0.97494 43
1749156515414 0.984 44
1749156530704 0.98094 45
1749156545558 0.97845 46
1749156556331 0.97183 47
1749156568704 0.96977 48
1749156583216 0.97501 49
1749156587010 0.9791616185345798 49
