1749155928969 0.93333 0
1749155943465 0.93333 1
1749155956277 0.32178 2
1749155968157 0.38095 3
1749155980596 0.46525 4
1749155991357 0.41892 5
1749156004079 0.50675 6
1749156017424 0.84075 7
1749156030331 0.59934 8
1749156044897 0.65551 9
1749156058648 0.93333 10
1749156072415 0.82167 11
1749156086009 0.8276 12
1749156101444 0.76667 13
1749156116367 0.76667 14
1749156131732 0.62564 15
1749156146577 0.59544 16
1749156160177 0.93333 17
1749156170781 0.89727 18
1749156185441 0.90482 19
1749156199433 0.92374 20
1749156213118 0.92743 21
1749156226597 0.93333 22
1749156240414 0.93333 23
1749156254876 0.93333 24
1749156268628 0.92298 25
1749156281078 0.93333 26
1749156294716 0.92167 27
1749156309102 0.74071 28
1749156322395 0.93333 29
1749156335968 0.76281 30
1749156349819 0.76667 31
1749156361045 0.73819 32
1749156373328 0.91651 33
1749156386981 0.92202 34
1749156397195 0.92573 35
1749156411784 0.93333 36
1749156424802 0.75877 37
1749156436927 0.90363 38
1749156450608 0.76667 39
1749156462954 0.76667 40
1749156475923 0.76667 41
1749156488933 0.9317 42
1749156502045 0.93 43
1749156515414 0.93333 44
1749156530704 0.93333 45
1749156545558 0.93333 46
1749156556331 0.93003 47
1749156568704 0.92912 48
1749156583216 0.93179 49
1749156587010 0.9047877896836231 49
