1749154521066 0.00021434999999999998 0
1749154523547 0.000434218798 1
1749154525498 0.000645033452 2
1749154527460 0.0008467939619999999 3
1749154530060 0.001039500328 4
1749154533039 0.0012231525499999999 5
1749154536006 0.0012592348 6
1749154538731 0.0012309405999999998 7
1749154541314 0.0012026464 8
1749154543160 0.0011743522 9
1749154546266 0.001146058 10
1749154549158 0.0011177638 11
1749154551970 0.0010894695999999998 12
1749154554784 0.0010611754 13
1749154557697 0.0010328811999999999 14
1749154560223 0.001004587 15
1749154563645 0.0009762927999999999 16
1749154566409 0.0009479985999999998 17
1749154569040 0.0009197044000000001 18
1749154571434 0.0008914102 19
1749154573376 0.0008631159999999999 20
1749154575541 0.0008348218000000001 21
1749154578098 0.0008065276 22
1749154580926 0.0007782334000000001 23
1749154583912 0.0007499392 24
1749154586261 0.0007216449999999999 25
1749154588400 0.0006933508 26
1749154590703 0.0006650565999999999 27
1749154593364 0.0006367623999999998 28
1749154596087 0.0006084682000000001 29
1749154599093 0.000580174 30
1749154601280 0.0005518798 31
1749154603134 0.0005235856 32
1749154605016 0.0004952913999999999 33
1749154608373 0.00046699719999999993 34
1749154611183 0.00043870300000000003 35
1749154613918 0.0004104088 36
1749154616051 0.0003821146 37
1749154617967 0.00035382039999999994 38
1749154620147 0.00032552619999999993 39
1749154624637 0.0002972319999999999 40
1749154627317 0.0002689378000000001 41
1749154629967 0.00024064360000000006 42
1749154631953 0.0002123494 43
1749154633965 0.00018405519999999999 44
1749154636272 0.00015576099999999995 45
1749154639244 0.00012746679999999994 46
1749154642149 9.917260000000006e-05 47
1749154644046 7.087840000000005e-05 48
1749154645932 4.2584200000000025e-05 49
